O_T_EE_00 O_T_EE_01 O_T_EE_02 O_T_EE_03 O_T_EE_04 O_T_EE_05 O_T_EE_06 O_T_EE_07 O_T_EE_08 O_T_EE_09 O_T_EE_10 O_T_EE_11 O_T_EE_12 O_T_EE_13 O_T_EE_14 O_T_EE_15 F_FL_x F_FL_y F_FL_z F_FL_rx F_FL_ry F_FL_rz F_CLBF_x F_CLBF_y F_CLBF_z F_CLBF_rx F_CLBF_ry F_CLBF_rz pos_des_x pos_des_y pos_des_z vel_des_x vel_des_y vel_des_z acc_des_x acc_des_y acc_des_z
0.999803 -0.0135397 -0.013808 0 -0.0132579 -0.999697 0.0202935 0 -0.0140788 -0.0201068 -0.999699 0 0.309327 -0.00357303 0.483326 1 -0.00631225 0.00119128 0.000228718 -0.000218152 -0.00135369 2.39254e-05 0.00204038 -5.19942e-05 0.00974085 0.000164683 0.000820315 -1.87731e-05 0.309328 -0.003573 0.483326 0 0 0 0 0 0 
0.999803 -0.0135387 -0.0138107 0 -0.0132568 -0.999696 0.0202984 0 -0.0140816 -0.0201117 -0.999699 0 0.309327 -0.00356957 0.483324 1 -0.00712385 -0.00326176 0.000815485 0.000581872 -0.00150449 7.34673e-06 0.00285412 -7.26944e-05 0.0136259 0.000230364 0.00114747 -2.62665e-05 0.309328 -0.003573 0.483326 8.9982e-09 0 -8.9982e-09 1.79946e-05 0 -1.79946e-05 
0.999803 -0.013545 -0.0138031 0 -0.0132634 -0.999696 0.0202946 0 -0.0140741 -0.0201079 -0.999699 0 0.309328 -0.00357165 0.483327 1 -0.0127175 0.000414886 0.00148312 -9.61666e-05 -0.00270615 5.37504e-05 0.00581831 -0.000148247 0.0277765 0.0004696 0.00233921 -5.35336e-05 0.309328 -0.003573 0.483326 3.59856e-08 0 -3.59856e-08 3.59784e-05 0 -3.59784e-05 
0.999803 -0.013541 -0.0138101 0 -0.0132593 -0.999697 0.0202929 0 -0.014081 -0.0201062 -0.999699 0 0.309326 -0.00357342 0.483325 1 -0.00146811 0.00310888 0.00106167 -0.000548452 -0.000307058 1.31687e-05 0.00227108 -5.78806e-05 0.0108422 0.000183306 0.000913063 -2.08955e-05 0.309328 -0.003573 0.483326 8.09514e-08 0 -8.09514e-08 5.39514e-05 0 -5.39514e-05 
0.999803 -0.013546 -0.0138133 0 -0.0132643 -0.999697 0.0202894 0 -0.0140842 -0.0201025 -0.999699 0 0.309326 -0.00357155 0.483324 1 0.000494191 0.00271795 0.000681742 -0.000522237 8.1375e-05 2.09337e-05 0.00153479 -3.9114e-05 0.00732718 0.000123872 0.000617042 -1.41191e-05 0.309328 -0.003573 0.483326 1.43885e-07 0 -1.43885e-07 7.19136e-05 0 -7.19136e-05 
0.999803 -0.0135374 -0.0138082 0 -0.0132557 -0.999697 0.0202931 0 -0.014079 -0.0201065 -0.999699 0 0.309326 -0.00357109 0.483326 1 0.0122463 -0.000569623 -0.000403285 0.000126556 0.00263255 -5.24512e-05 -0.00391334 9.97147e-05 -0.0186822 -0.000315846 -0.00157331 3.60052e-05 0.309328 -0.003573 0.483326 2.24775e-07 0 -2.24775e-07 8.9865e-05 0 -8.9865e-05 
0.999803 -0.0135293 -0.0138139 0 -0.0132475 -0.999697 0.0202924 0 -0.0140845 -0.0201058 -0.999699 0 0.309325 -0.00357049 0.483323 1 0.00686216 -0.000482397 0.00101188 0.00012069 0.00148346 -5.14644e-05 -0.000253008 6.44598e-06 -0.00120789 -2.04203e-05 -0.000101719 2.32788e-06 0.309328 -0.003573 0.483326 3.23611e-07 0 -3.23611e-07 0.000107806 0 -0.000107806 
0.999803 -0.01355 -0.0138153 0 -0.0132681 -0.999696 0.020291 0 -0.0140863 -0.020104 -0.999699 0 0.309326 -0.00357417 0.483321 1 -0.00477341 0.00292366 0.000943044 -0.00053335 -0.00100407 4.72432e-05 0.00275068 -7.01084e-05 0.0131324 0.00022202 0.00110589 -2.53072e-05 0.309328 -0.003573 0.483326 4.40383e-07 0 -4.40383e-07 0.000125736 0 -0.000125736 
0.999803 -0.0135379 -0.0138065 0 -0.0132562 -0.999696 0.0202964 0 -0.0140774 -0.0201098 -0.999699 0 0.309327 -0.003571 0.483323 1 0.0221842 -0.00271882 -0.00110326 0.000534516 0.00480793 -0.000103766 -0.00827144 0.000210727 -0.0394888 -0.000667618 -0.00332549 7.61138e-05 0.309328 -0.003573 0.483326 5.75079e-07 0 -5.75079e-07 0.000143655 0 -0.000143655 
0.999803 -0.0135361 -0.0138073 0 -0.0132544 -0.999697 0.0202953 0 -0.0140781 -0.0201087 -0.999699 0 0.309327 -0.00357019 0.483321 1 0.0105855 -0.00208863 0.000862272 0.00042543 0.0023585 -5.70125e-05 -0.00225404 5.74227e-05 -0.0107612 -0.000181931 -0.000906231 2.07409e-05 0.309328 -0.003573 0.483326 7.27688e-07 0 -7.27688e-07 0.000161563 0 -0.000161563 
0.999803 -0.0135383 -0.0138124 0 -0.0132564 -0.999696 0.0202973 0 -0.0140833 -0.0201106 -0.999699 0 0.309326 -0.00357241 0.483319 1 0.000605693 -0.00117259 0.00118926 0.000260745 0.00019237 -1.65233e-05 0.000981349 -2.50061e-05 0.00468524 7.92138e-05 0.000394548 -9.03126e-06 0.309328 -0.003573 0.483326 8.98201e-07 0 -8.98201e-07 0.00017946 0 -0.00017946 
0.999803 -0.0135495 -0.0138157 0 -0.0132676 -0.999696 0.0202919 0 -0.0140867 -0.020105 -0.999699 0 0.309325 -0.00357277 0.483319 1 -0.00585332 0.00261081 0.000268899 -0.000502649 -0.00127193 5.49288e-05 0.00212806 -5.4231e-05 0.0101599 0.000171765 0.000855572 -1.95798e-05 0.309328 -0.003573 0.483326 1.08661e-06 0 -1.08661e-06 0.000197347 0 -0.000197347 
0.999803 -0.0135465 -0.0138164 0 -0.0132645 -0.999696 0.0202966 0 -0.0140874 -0.0201097 -0.999699 0 0.309326 -0.00357253 0.48332 1 -0.00374242 -4.7205e-05 -0.000958577 -2.37528e-05 -0.000838611 2.17948e-05 -0.00055286 1.40872e-05 -0.0026395 -4.46256e-05 -0.000222273 5.08784e-06 0.309328 -0.003573 0.483326 1.29289e-06 0 -1.29289e-06 0.000215223 0 -0.000215223 
0.999803 -0.0135351 -0.0138201 0 -0.0132531 -0.999696 0.0202997 0 -0.014091 -0.0201129 -0.999698 0 0.309323 -0.00357105 0.483319 1 -0.0297843 -0.00136598 -0.00438275 8.13488e-05 -0.00678506 9.5639e-05 0.00312646 -7.96338e-05 0.0149265 0.000252358 0.00125696 -2.87767e-05 0.309328 -0.003573 0.483326 1.51705e-06 0 -1.51705e-06 0.000233088 0 -0.000233088 
0.999803 -0.0135466 -0.0138286 0 -0.0132645 -0.999696 0.0202921 0 -0.0140995 -0.0201051 -0.999698 0 0.309324 -0.00357332 0.483317 1 -0.0288798 0.00331133 -0.00512979 -0.000780812 -0.006549 0.00013818 0.00151693 -3.86575e-05 0.00724239 0.000122442 0.000609862 -1.39584e-05 0.309328 -0.003573 0.483326 1.75906e-06 0 -1.75906e-06 0.000250943 0 -0.000250943 
0.999803 -0.0135431 -0.0138307 0 -0.013261 -0.999696 0.0202932 0 -0.0141016 -0.0201061 -0.999698 0 0.309323 -0.00357172 0.483317 1 -0.021816 0.000641576 -0.00347478 -0.000246842 -0.00495911 9.08754e-05 0.00175222 -4.46453e-05 0.00836572 0.000141431 0.000704454 -1.61244e-05 0.309328 -0.003573 0.483326 2.01893e-06 0 -2.01893e-06 0.000268786 0 -0.000268786 
0.999803 -0.0135403 -0.013838 0 -0.0132581 -0.999697 0.0202908 0 -0.0141088 -0.0201037 -0.999698 0 0.309321 -0.00357174 0.483313 1 -0.0239317 0.00129927 -0.00182778 -0.000355293 -0.00538642 9.16697e-05 0.00487572 -0.000124243 0.023279 0.000393551 0.00196021 -4.48658e-05 0.309328 -0.003573 0.483326 2.29663e-06 0 -2.29663e-06 0.000286619 0 -0.000286619 
0.999803 -0.0135365 -0.0138299 0 -0.0132544 -0.999697 0.0202907 0 -0.0141007 -0.0201038 -0.999698 0 0.309323 -0.00357234 0.483316 1 -0.0141783 0.00111988 -0.00204056 -0.000276617 -0.00321354 4.76692e-05 0.00131455 -3.34979e-05 0.00627614 0.000106103 0.000528496 -1.20955e-05 0.309328 -0.003573 0.483326 2.59216e-06 0 -2.59216e-06 0.000304441 0 -0.000304441 
0.999803 -0.0135404 -0.0138306 0 -0.0132581 -0.999696 0.0202966 0 -0.0141015 -0.0201096 -0.999698 0 0.309322 -0.00357198 0.483316 1 -0.0108759 -0.00129315 -0.00113194 0.000177454 -0.00246922 3.46545e-05 0.00163644 -4.16917e-05 0.0078129 0.00013209 0.000657905 -1.50613e-05 0.309328 -0.003573 0.483326 2.90551e-06 0 -2.90551e-06 0.000322252 0 -0.000322252 
0.999803 -0.0135476 -0.0138361 0 -0.0132652 -0.999696 0.0202988 0 -0.0141072 -0.0201116 -0.999698 0 0.309323 -0.00357258 0.483313 1 -0.0183404 -0.000383888 0.000550123 2.73159e-05 -0.00394687 8.29166e-05 0.00536798 -0.000136756 0.0256297 0.000433319 0.00215813 -4.94127e-05 0.309328 -0.003573 0.483326 3.23667e-06 0 -3.23667e-06 0.000340053 0 -0.000340053 
0.999803 -0.013541 -0.0138319 0 -0.0132589 -0.999697 0.020293 0 -0.0141028 -0.020106 -0.999698 0 0.309322 -0.00357388 0.483315 1 -0.00263897 0.00195604 0.000315823 -0.000347443 -0.000576563 1.21089e-05 0.00100517 -2.5618e-05 0.00479909 8.11365e-05 0.000404113 -9.24993e-06 0.309328 -0.003573 0.483326 3.58561e-06 0 -3.58561e-06 0.000357843 0 -0.000357843 
0.999803 -0.013549 -0.0138346 0 -0.0132667 -0.999696 0.0202964 0 -0.0141056 -0.0201092 -0.999698 0 0.309323 -0.00357387 0.483312 1 -0.00711916 0.000466994 0.00100001 -9.04914e-05 -0.00148747 3.93249e-05 0.00283444 -7.2227e-05 0.0135333 0.000228805 0.00113956 -2.60883e-05 0.309328 -0.003573 0.483326 3.95235e-06 0 -3.95235e-06 0.000375622 0 -0.000375622 
0.999803 -0.0135496 -0.0138327 0 -0.0132673 -0.999696 0.0203 0 -0.0141039 -0.0201128 -0.999698 0 0.309322 -0.00357347 0.483312 1 0.000270681 -0.0015746 0.00130813 0.000305206 8.10133e-05 -2.39433e-06 0.00147716 -3.76345e-05 0.00705271 0.000119242 0.000593874 -1.35977e-05 0.309328 -0.003573 0.483326 4.33685e-06 0 -4.33685e-06 0.00039339 0 -0.00039339 
0.999803 -0.0135364 -0.0138335 0 -0.0132542 -0.999697 0.0202941 0 -0.0141043 -0.0201071 -0.999698 0 0.309323 -0.0035727 0.483312 1 -0.00226367 0.000203557 0.00108106 -1.97333e-05 -0.000461433 -1.1004e-05 0.00174984 -4.4588e-05 0.00835475 0.000141249 0.000703506 -1.61039e-05 0.309328 -0.003573 0.483326 4.73912e-06 0 -4.73912e-06 0.000411148 0 -0.000411148 
0.999803 -0.0135531 -0.0138344 0 -0.0132709 -0.999696 0.0202912 0 -0.0141055 -0.020104 -0.999698 0 0.309322 -0.00357371 0.483311 1 -0.00297481 0.00204651 0.000484347 -0.000389568 -0.000632669 3.91715e-05 0.00128246 -3.2688e-05 0.00612322 0.000103522 0.0005156 -1.18011e-05 0.309328 -0.003573 0.483326 5.15915e-06 0 -5.15915e-06 0.000428895 0 -0.000428895 
0.999803 -0.0135484 -0.0138364 0 -0.0132662 -0.999696 0.0202941 0 -0.0141074 -0.020107 -0.999698 0 0.309322 -0.00357499 0.483312 1 -0.00385223 0.00234801 -0.000713261 -0.000446152 -0.000885493 3.12963e-05 -7.22205e-05 1.84062e-06 -0.00034482 -5.8298e-06 -2.90353e-05 6.6466e-07 0.309328 -0.003573 0.483326 5.59691e-06 0 -5.59691e-06 0.000446631 0 -0.000446631 
0.999803 -0.0135493 -0.0138392 0 -0.0132669 -0.999696 0.0202972 0 -0.0141103 -0.0201099 -0.999698 0 0.30932 -0.00357253 0.483312 1 -0.000389924 -0.00153635 0.000351027 0.000280499 -0.000101037 -2.56314e-07 0.000307597 -7.83737e-06 0.00146863 2.48299e-05 0.000123664 -2.8313e-06 0.309328 -0.003573 0.483326 6.0524e-06 0 -6.0524e-06 0.000464356 0 -0.000464356 
0.999803 -0.0135436 -0.0138427 0 -0.0132612 -0.999696 0.0202968 0 -0.0141137 -0.0201096 -0.999698 0 0.309321 -0.00357284 0.483312 1 -0.00400357 -0.00607245 -0.000187097 0.00109926 -0.000882393 -3.81301e-05 4.77727e-05 -1.21713e-06 0.000228093 3.85629e-06 1.92062e-05 -4.39733e-07 0.309328 -0.003573 0.483326 6.52562e-06 0 -6.52562e-06 0.00048207 0 -0.00048207 
0.999803 -0.0135471 -0.0138512 0 -0.0132644 -0.999696 0.0202998 0 -0.0141223 -0.0201124 -0.999698 0 0.309322 -0.00357303 0.483308 1 -0.016684 -0.00551374 0.000515359 0.000981033 -0.00353325 2.95681e-05 0.00391428 -9.97253e-05 0.0186898 0.000315993 0.00157367 -3.60373e-05 0.309328 -0.003573 0.483326 7.01654e-06 0 -7.01654e-06 0.000499774 0 -0.000499774 
0.999803 -0.0135455 -0.0138424 0 -0.013263 -0.999696 0.0202962 0 -0.0141134 -0.020109 -0.999698 0 0.309321 -0.00357123 0.483311 1 -0.00120797 -0.00335799 -0.000157718 0.000581941 -0.000276586 -1.13521e-05 -0.000383272 9.76379e-06 -0.00182997 -3.0938e-05 -0.000154089 3.52781e-06 0.309328 -0.003573 0.483326 7.52516e-06 0 -7.52516e-06 0.000517467 0 -0.000517467 
0.999803 -0.0135462 -0.0138426 0 -0.0132637 -0.999696 0.0202992 0 -0.0141136 -0.020112 -0.999698 0 0.309323 -0.00357333 0.483311 1 -0.00127026 -0.00226165 -0.000198288 0.000428535 -0.000254673 -1.40789e-05 -0.000886649 2.25898e-05 -0.00423346 -7.15755e-05 -0.000356466 8.1623e-06 0.309328 -0.003573 0.483326 8.05147e-06 0 -8.05147e-06 0.00053515 0 -0.00053515 
0.999803 -0.0135396 -0.0138398 0 -0.0132571 -0.999696 0.0202982 0 -0.0141107 -0.0201111 -0.999698 0 0.309323 -0.00357141 0.483313 1 0.00681086 -0.00275173 -0.000588352 0.000513121 0.0014803 -4.8677e-05 -0.00353109 8.99475e-05 -0.0168595 -0.000285036 -0.00141963 3.25041e-05 0.309328 -0.003573 0.483326 8.59546e-06 0 -8.59546e-06 0.000552821 0 -0.000552821 
0.999803 -0.0135481 -0.0138454 0 -0.0132656 -0.999696 0.0202993 0 -0.0141165 -0.0201121 -0.999698 0 0.309322 -0.0035724 0.483309 1 -0.00295467 -0.00158474 0.00142773 0.000299103 -0.000596734 1.05595e-05 0.00230418 -5.86975e-05 0.0110018 0.000186006 0.000926366 -2.12124e-05 0.309328 -0.003573 0.483325 9.15711e-06 0 -9.15711e-06 0.000570482 0 -0.000570482 
0.999803 -0.013536 -0.0138415 0 -0.0132535 -0.999696 0.0202981 0 -0.0141123 -0.0201111 -0.999698 0 0.309323 -0.00357206 0.48331 1 0.00470842 -0.0015417 0.00127746 0.00031921 0.00106438 -4.63674e-05 -0.000119774 3.05126e-06 -0.000571889 -9.66873e-06 -4.8154e-05 1.10256e-06 0.309328 -0.003573 0.483325 9.73642e-06 0 -9.73642e-06 0.000588132 0 -0.000588132 
0.999803 -0.0135386 -0.0138454 0 -0.0132561 -0.999696 0.0202964 0 -0.0141162 -0.0201093 -0.999698 0 0.309323 -0.00357245 0.483308 1 -0.00892969 0.000596659 0.000979857 -0.000115127 -0.00187329 3.02176e-05 0.00310078 -7.89978e-05 0.0148057 0.000250312 0.00124664 -2.85426e-05 0.309328 -0.003573 0.483325 1.03334e-05 0 -1.03334e-05 0.000605772 0 -0.000605772 
0.999803 -0.0135395 -0.0138439 0 -0.013257 -0.999696 0.0202974 0 -0.0141148 -0.0201103 -0.999698 0 0.309323 -0.00357329 0.483309 1 -0.00221326 0.000496134 0.00140791 -5.98439e-05 -0.000392541 6.20659e-06 0.00172378 -4.39186e-05 0.00823068 0.000139154 0.000693028 -1.58678e-05 0.309328 -0.003573 0.483325 1.0948e-05 0 -1.0948e-05 0.0006234 0 -0.0006234 
0.999803 -0.0135476 -0.0138453 0 -0.013265 -0.999696 0.020299 0 -0.0141164 -0.0201117 -0.999698 0 0.309324 -0.00357204 0.483308 1 -0.000866375 -0.00131017 0.000445078 0.000236026 -0.000143003 1.23848e-05 1.67693e-05 -4.27215e-07 8.00709e-05 1.35375e-06 6.74196e-06 -1.54378e-07 0.309328 -0.003573 0.483325 1.15802e-05 0 -1.15802e-05 0.000641018 0 -0.000641018 
0.999803 -0.013538 -0.0138489 0 -0.0132554 -0.999696 0.0202974 0 -0.0141198 -0.0201102 -0.999698 0 0.309324 -0.00357324 0.483307 1 -0.00532691 0.00077658 0.000234862 -0.000136923 -0.00112264 1.40661e-05 0.00096597 -2.46109e-05 0.00461245 7.79813e-05 0.000388361 -8.89242e-06 0.309328 -0.003573 0.483325 1.223e-05 0 -1.223e-05 0.000658626 0 -0.000658626 
0.999803 -0.0135419 -0.0138441 0 -0.0132594 -0.999696 0.0202992 0 -0.014115 -0.020112 -0.999698 0 0.309323 -0.00357305 0.48331 1 0.00672982 -0.00117096 -0.000147506 0.000231501 0.00143397 -3.39927e-05 -0.0025099 6.39441e-05 -0.0119841 -0.000202615 -0.00100908 2.3106e-05 0.309328 -0.003573 0.483325 1.28974e-05 0 -1.28974e-05 0.000676222 0 -0.000676222 
0.999803 -0.0135412 -0.0138464 0 -0.0132587 -0.999697 0.0202923 0 -0.0141173 -0.0201051 -0.999698 0 0.309325 -0.00356992 0.483309 1 -0.00444748 -0.000311254 -0.000372881 1.0079e-05 -0.000966423 2.09975e-05 0.000173629 -4.42309e-06 0.00082905 1.40154e-05 6.98059e-05 -1.59796e-06 0.309328 -0.003573 0.483325 1.35824e-05 0 -1.35824e-05 0.000693808 0 -0.000693808 
0.999803 -0.0135389 -0.0138475 0 -0.0132564 -0.999696 0.0202961 0 -0.0141183 -0.0201089 -0.999698 0 0.309323 -0.00357181 0.483309 1 0.00168824 1.5251e-05 0.000384305 5.70987e-06 0.000343752 -1.135e-05 -0.000157734 4.01853e-06 -0.000753141 -1.27329e-05 -6.34149e-05 1.45192e-06 0.309328 -0.003573 0.483325 1.4285e-05 0 -1.4285e-05 0.000711383 0 -0.000711383 
0.999803 -0.0135383 -0.0138499 0 -0.0132556 -0.999696 0.0202996 0 -0.0141208 -0.0201124 -0.999698 0 0.309323 -0.00357034 0.483308 1 -0.00576466 -0.00284314 0.000835021 0.000509512 -0.00122454 2.25862e-06 0.00209151 -5.32688e-05 0.00998667 0.000168839 0.000840867 -1.92556e-05 0.309328 -0.003573 0.483325 1.50052e-05 0 -1.50052e-05 0.000728947 0 -0.000728947 
0.999803 -0.0135448 -0.0138492 0 -0.0132622 -0.999696 0.0202974 0 -0.0141202 -0.0201101 -0.999698 0 0.309323 -0.00357244 0.483309 1 0.00236115 0.000500333 -0.000208084 -9.16612e-05 0.00050388 -3.15823e-07 -0.00146209 3.72467e-05 -0.00698118 -0.000118027 -0.000587813 1.34593e-05 0.309328 -0.003573 0.483325 1.57429e-05 0 -1.57429e-05 0.000746501 0 -0.000746501 
0.999803 -0.0135465 -0.0138523 0 -0.0132638 -0.999696 0.020298 0 -0.0141234 -0.0201107 -0.999698 0 0.309323 -0.00357182 0.483308 1 -0.00288381 0.00137302 0.000125194 -0.00026559 -0.000630882 3.04376e-05 0.000604197 -1.53911e-05 0.00288494 4.87742e-05 0.000242909 -5.56224e-06 0.309328 -0.003573 0.483325 1.64982e-05 0 -1.64982e-05 0.000764044 0 -0.000764044 
0.999803 -0.013537 -0.013842 0 -0.0132545 -0.999697 0.0202969 0 -0.0141128 -0.0201098 -0.999698 0 0.309324 -0.00357188 0.48331 1 0.00629338 0.000100539 0.000568741 1.2639e-05 0.00139159 -3.69764e-05 -0.00152817 3.89304e-05 -0.00729667 -0.00012336 -0.000614389 1.40667e-05 0.309328 -0.003573 0.483325 1.7271e-05 0 -1.7271e-05 0.000781576 0 -0.000781576 
0.999803 -0.0135439 -0.0138447 0 -0.0132615 -0.999696 0.0202956 0 -0.0141156 -0.0201084 -0.999698 0 0.309324 -0.00357285 0.483308 1 0.00216379 0.00108539 0.00105006 -0.000179065 0.000513541 -1.49492e-06 0.000341183 -8.69323e-06 0.0016291 2.75424e-05 0.00013717 -3.14046e-06 0.309328 -0.003573 0.483325 1.80613e-05 0 -1.80613e-05 0.000799098 0 -0.000799098 
0.999803 -0.013552 -0.0138459 0 -0.0132694 -0.999696 0.0202986 0 -0.014117 -0.0201112 -0.999698 0 0.309325 -0.00357457 0.483309 1 -0.000130577 0.000967621 0.000406562 -0.000149938 2.98547e-05 2.11726e-05 -0.00031622 8.05758e-06 -0.0015099 -2.55282e-05 -0.000127133 2.91108e-06 0.309328 -0.003573 0.483325 1.88692e-05 0 -1.88692e-05 0.000816609 0 -0.000816609 
0.999803 -0.0135343 -0.0138406 0 -0.0132519 -0.999696 0.0202998 0 -0.0141114 -0.0201128 -0.999698 0 0.309325 -0.00357133 0.48331 1 0.00512715 -0.00289442 0.000650489 0.00056022 0.00113287 -5.51924e-05 -0.0011995 3.05547e-05 -0.00572736 -9.68313e-05 -0.000482252 1.10427e-05 0.309328 -0.003573 0.483325 1.96946e-05 0 -1.96946e-05 0.000834109 0 -0.000834109 
0.999803 -0.0135441 -0.0138365 0 -0.0132618 -0.999696 0.0202965 0 -0.0141074 -0.0201093 -0.999698 0 0.309324 -0.00357311 0.483312 1 0.0100801 0.000790164 0.000170231 -0.000126092 0.00213985 -3.28e-05 -0.00247463 6.30519e-05 -0.0118154 -0.00019976 -0.000994899 2.27771e-05 0.309328 -0.003573 0.483325 2.05374e-05 0 -2.05374e-05 0.000851598 0 -0.000851598 
0.999803 -0.0135497 -0.0138442 0 -0.0132673 -0.999696 0.0202935 0 -0.0141152 -0.0201062 -0.999698 0 0.309324 -0.00357388 0.483309 1 -0.00568758 0.00274833 0.000225343 -0.000529715 -0.00123396 4.6811e-05 0.00167322 -4.26394e-05 0.00798932 0.00013507 0.000672703 -1.53998e-05 0.309328 -0.003573 0.483325 2.13978e-05 0 -2.13978e-05 0.000869077 0 -0.000869077 
0.999803 -0.0135462 -0.0138436 0 -0.0132637 -0.999696 0.020295 0 -0.0141146 -0.0201077 -0.999698 0 0.309324 -0.00357398 0.483309 1 -0.000487939 0.00232862 -0.000127025 -0.00042876 -0.000115884 1.59505e-05 -0.000398117 1.01454e-05 -0.00190093 -3.21385e-05 -0.00016006 3.66436e-06 0.309328 -0.003573 0.483325 2.22756e-05 0 -2.22756e-05 0.000886545 0 -0.000886545 
0.999803 -0.0135449 -0.0138345 0 -0.0132626 -0.999696 0.0202948 0 -0.0141055 -0.0201077 -0.999698 0 0.309324 -0.0035725 0.483312 1 0.0116089 -0.00156124 0.000869215 0.000332535 0.00252877 -5.48459e-05 -0.00237781 6.05878e-05 -0.0113532 -0.000191942 -0.00095598 2.18841e-05 0.309328 -0.003573 0.483325 2.31708e-05 0 -2.31708e-05 0.000904002 0 -0.000904002 
0.999803 -0.0135402 -0.0138446 0 -0.0132577 -0.999696 0.0202983 0 -0.0141155 -0.0201111 -0.999698 0 0.309324 -0.0035723 0.48331 1 -0.00426176 -0.00220622 -0.000736981 0.00038942 -0.000951125 -4.13569e-06 -0.000558878 1.42379e-05 -0.00266851 -4.51158e-05 -0.000224691 5.14482e-06 0.309328 -0.003573 0.483325 2.40836e-05 0 -2.40836e-05 0.000921449 0 -0.000921449 
0.999803 -0.0135507 -0.013847 0 -0.0132681 -0.999696 0.0203007 0 -0.0141181 -0.0201134 -0.999698 0 0.309324 -0.00357333 0.483308 1 -0.00777195 -0.0015901 0.000639947 0.000284907 -0.00165207 3.23046e-05 0.00231754 -5.90455e-05 0.0110659 0.000187095 0.000931744 -2.13372e-05 0.309328 -0.003573 0.483325 2.50137e-05 0 -2.50137e-05 0.000938885 0 -0.000938885 
0.999803 -0.0135458 -0.0138402 0 -0.0132633 -0.999696 0.0203009 0 -0.0141112 -0.0201138 -0.999698 0 0.309321 -0.00357251 0.483312 1 0.0122079 -0.00209347 0.000828031 0.000419681 0.00259991 -5.95714e-05 -0.00209875 5.34645e-05 -0.0100206 -0.000169421 -0.000843771 1.93216e-05 0.309328 -0.003573 0.483325 2.59613e-05 0 -2.59613e-05 0.00095631 0 -0.00095631 
0.999803 -0.0135379 -0.0138401 0 -0.0132555 -0.999696 0.0202975 0 -0.0141109 -0.0201105 -0.999698 0 0.309324 -0.00357202 0.483311 1 0.000952636 0.00119842 0.000194656 -0.000217525 0.000213873 -9.34328e-06 -0.000382278 9.73955e-06 -0.00182526 -3.08593e-05 -0.000153691 3.51887e-06 0.309328 -0.003573 0.483325 2.69263e-05 0 -2.69263e-05 0.000973725 0 -0.000973725 
0.999803 -0.0135524 -0.0138395 0 -0.0132699 -0.999696 0.0202998 0 -0.0141107 -0.0201125 -0.999698 0 0.309323 -0.00357313 0.483311 1 0.00455912 -0.00028632 0.000357544 6.79228e-05 0.000994485 -8.9693e-06 -0.0011848 3.01855e-05 -0.00565705 -9.56447e-05 -0.000476338 1.09071e-05 0.309328 -0.003573 0.483325 2.79088e-05 0 -2.79088e-05 0.000991129 0 -0.000991129 
0.999803 -0.0135378 -0.0138487 0 -0.0132552 -0.999696 0.0202981 0 -0.0141196 -0.0201109 -0.999698 0 0.309322 -0.00357118 0.483309 1 -0.00536538 -0.000462832 0.000681515 7.11189e-05 -0.0011775 5.51538e-06 0.00223533 -5.69422e-05 0.0106731 0.000180446 0.000898683 -2.05779e-05 0.309328 -0.003573 0.483325 2.89086e-05 0 -2.89086e-05 0.00100852 0 -0.00100852 
0.999803 -0.0135428 -0.0138425 0 -0.0132604 -0.999696 0.0202954 0 -0.0141134 -0.0201083 -0.999698 0 0.309324 -0.00357352 0.48331 1 0.0013413 0.00214134 8.69852e-05 -0.000380219 0.000300832 -2.2334e-06 -0.000718471 1.83079e-05 -0.00343052 -5.79986e-05 -0.000288854 6.61303e-06 0.309328 -0.003573 0.483325 2.99258e-05 0 -2.99258e-05 0.0010259 0 -0.0010259 
0.999803 -0.0135492 -0.0138344 0 -0.0132669 -0.999696 0.0202983 0 -0.0141055 -0.0201111 -0.999698 0 0.309324 -0.00357229 0.483313 1 0.0126348 -0.00118411 0.000662525 0.0002513 0.00278298 -4.16902e-05 -0.00316141 8.05413e-05 -0.0150945 -0.000255199 -0.00127101 2.91002e-05 0.309328 -0.003573 0.483325 3.09604e-05 0 -3.09604e-05 0.00104328 0 -0.00104328 
0.999803 -0.0135399 -0.0138404 0 -0.0132576 -0.999697 0.0202927 0 -0.0141112 -0.0201056 -0.999698 0 0.309324 -0.00357404 0.483311 1 -0.00300713 0.00331475 -0.000139468 -0.000615773 -0.000671593 1.78554e-05 0.000486175 -1.23893e-05 0.00232134 3.92451e-05 0.000195462 -4.47428e-06 0.309328 -0.003573 0.483325 3.20124e-05 0 -3.20124e-05 0.00106064 0 -0.00106064 
0.999803 -0.0135396 -0.0138366 0 -0.0132573 -0.999697 0.0202947 0 -0.0141074 -0.0201076 -0.999698 0 0.309324 -0.00357182 0.483311 1 0.00549387 -0.000382664 0.000747362 9.84515e-05 0.00121095 -2.72147e-05 -0.00090439 2.30432e-05 -0.00431817 -7.30043e-05 -0.000363603 8.32363e-06 0.309328 -0.003573 0.483325 3.30817e-05 0 -3.30817e-05 0.00107799 0 -0.00107799 
0.999803 -0.0135436 -0.0138317 0 -0.0132613 -0.999696 0.0202984 0 -0.0141027 -0.0201113 -0.999698 0 0.309323 -0.00357302 0.483313 1 0.0104675 -0.000163492 0.00044718 7.128e-05 0.00223681 -4.36366e-05 -0.00229325 5.84291e-05 -0.0109492 -0.000185118 -0.000921978 2.11086e-05 0.309328 -0.003573 0.483325 3.41683e-05 0 -3.41683e-05 0.00109533 0 -0.00109533 
0.999803 -0.01355 -0.0138362 0 -0.0132677 -0.999696 0.0202963 0 -0.0141073 -0.0201091 -0.999698 0 0.309324 -0.00357246 0.483312 1 -0.00208745 0.00109031 -8.2888e-06 -0.00022152 -0.000456476 2.53298e-05 0.000302183 -7.69961e-06 0.00144281 2.43932e-05 0.00012149 -2.78133e-06 0.309328 -0.003573 0.483325 3.52723e-05 0 -3.52723e-05 0.00111266 0 -0.00111266 
0.999803 -0.0135454 -0.0138439 0 -0.0132629 -0.999696 0.0202928 0 -0.0141148 -0.0201056 -0.999698 0 0.309323 -0.00357274 0.48331 1 -0.0116156 0.000622433 5.19147e-05 -0.000144946 -0.00251632 4.77736e-05 0.00282685 -7.20378e-05 0.0134976 0.000228193 0.00113651 -2.60165e-05 0.309328 -0.003573 0.483325 3.63937e-05 0 -3.63937e-05 0.00112998 0 -0.00112998 
0.999803 -0.0135466 -0.0138408 0 -0.0132642 -0.999696 0.0202914 0 -0.0141117 -0.0201042 -0.999698 0 0.309322 -0.00357361 0.48331 1 0.00153091 0.000853797 0.000379059 -0.000145781 0.000308456 -5.15562e-07 -5.60785e-06 1.42931e-07 -2.67756e-05 -4.52679e-07 -2.25457e-06 5.1606e-08 0.309328 -0.003573 0.483325 3.75323e-05 0 -3.75323e-05 0.00114728 0 -0.00114728 
0.999803 -0.0135444 -0.0138451 0 -0.013262 -0.999696 0.0202946 0 -0.014116 -0.0201074 -0.999698 0 0.309322 -0.00357252 0.483309 1 -0.00284472 0.000343139 0.000510878 -7.75211e-05 -0.000638323 1.3983e-05 0.00139095 -3.54427e-05 0.00664143 0.000112283 0.000559215 -1.28025e-05 0.309328 -0.003573 0.483325 3.86882e-05 0 -3.86882e-05 0.00116458 0 -0.00116458 
0.999803 -0.0135542 -0.0138373 0 -0.0132719 -0.999696 0.0202946 0 -0.0141084 -0.0201073 -0.999698 0 0.309323 -0.00357319 0.483312 1 0.010967 -4.38848e-05 -0.000121848 2.20854e-05 0.00237576 -2.87098e-05 -0.00360058 9.1752e-05 -0.0171912 -0.000290645 -0.00144757 3.31377e-05 0.309328 -0.003573 0.483325 3.98614e-05 0 -3.98614e-05 0.00118187 0 -0.00118187 
0.999803 -0.0135403 -0.0138386 0 -0.013258 -0.999696 0.020295 0 -0.0141095 -0.0201079 -0.999698 0 0.309322 -0.0035717 0.483312 1 0.00765088 -0.00215898 0.000215494 0.000436805 0.0016649 -5.77396e-05 -0.00245685 6.25967e-05 -0.0117305 -0.000198319 -0.000987747 2.26123e-05 0.309328 -0.003573 0.483325 4.10519e-05 0 -4.10519e-05 0.00119914 0 -0.00119914 
0.999803 -0.0135538 -0.0138381 0 -0.0132714 -0.999696 0.020297 0 -0.0141092 -0.0201098 -0.999698 0 0.309323 -0.00357279 0.483311 1 0.00226033 5.96647e-05 0.000482958 -2.66508e-06 0.000506284 4.21029e-06 -0.000351641 8.9595e-06 -0.00167896 -2.83857e-05 -0.000141373 3.23669e-06 0.309329 -0.003573 0.483325 4.22597e-05 0 -4.22597e-05 0.00121641 0 -0.00121641 
0.999803 -0.0135413 -0.0138361 0 -0.0132589 -0.999696 0.0203036 0 -0.0141071 -0.0201165 -0.999698 0 0.309323 -0.00356956 0.483311 1 0.00323833 -0.00506857 0.000944128 0.000952003 0.000744863 -4.99575e-05 -0.000385762 9.82397e-06 -0.00184187 -3.11406e-05 -0.000155092 3.55177e-06 0.309329 -0.003573 0.483325 4.34848e-05 0 -4.34848e-05 0.00123366 0 -0.00123366 
0.999803 -0.0135468 -0.013846 0 -0.0132643 -0.999696 0.0202983 0 -0.014117 -0.020111 -0.999698 0 0.309323 -0.00357168 0.483309 1 -0.0115736 0.00119769 0.000338831 -0.000254 -0.00247857 5.69386e-05 0.00314865 -8.02148e-05 0.0150341 0.000254178 0.00126588 -2.89855e-05 0.309329 -0.003573 0.483325 4.4727e-05 0 -4.4727e-05 0.00125091 0 -0.00125091 
0.999803 -0.0135377 -0.0138415 0 -0.0132552 -0.999696 0.0203013 0 -0.0141124 -0.0201142 -0.999698 0 0.309324 -0.00357233 0.48331 1 -0.00298667 -0.000308243 0.00027912 7.58538e-05 -0.000616603 -3.43111e-06 0.000431922 -1.10029e-05 0.00206232 3.48681e-05 0.00017365 -3.97657e-06 0.309329 -0.003573 0.483324 4.59866e-05 0 -4.59866e-05 0.00126814 0 -0.00126814 
0.999803 -0.0135486 -0.0138349 0 -0.0132663 -0.999696 0.020299 0 -0.014106 -0.0201118 -0.999698 0 0.309324 -0.00357203 0.483312 1 0.00427524 -0.000585893 0.000539102 0.000118283 0.000947527 -1.3314e-05 -0.000849973 2.16534e-05 -0.00405832 -6.86134e-05 -0.000341725 7.82416e-06 0.309329 -0.003573 0.483324 4.72633e-05 0 -4.72633e-05 0.00128536 0 -0.00128536 
0.999803 -0.013552 -0.0138338 0 -0.0132697 -0.999696 0.0202958 0 -0.014105 -0.0201086 -0.999698 0 0.309324 -0.00357497 0.483313 1 0.00325951 0.00289087 -0.000522889 -0.000525502 0.000675114 1.24937e-05 -0.00175852 4.48153e-05 -0.00839621 -0.000141955 -0.000706996 1.6185e-05 0.309329 -0.003573 0.483324 4.85573e-05 0 -4.85573e-05 0.00130258 0 -0.00130258 
0.999803 -0.0135377 -0.0138338 0 -0.0132554 -0.999696 0.0202979 0 -0.0141047 -0.0201109 -0.999698 0 0.309324 -0.00357323 0.483313 1 0.00244235 0.0006553 -0.000214682 -0.00010642 0.000502415 -2.15521e-05 -0.00122391 3.11847e-05 -0.00584365 -9.87988e-05 -0.000492061 1.12657e-05 0.309329 -0.003573 0.483324 4.98685e-05 0 -4.98685e-05 0.00131978 0 -0.00131978 
0.999803 -0.0135413 -0.0138341 0 -0.013259 -0.999696 0.0203029 0 -0.0141051 -0.0201159 -0.999698 0 0.309325 -0.0035716 0.483313 1 -0.000395496 -0.00273698 0.000443936 0.000513822 -3.79003e-05 -1.26445e-05 -0.000110994 2.82725e-06 -0.000529958 -8.96019e-06 -4.46244e-05 1.0219e-06 0.309329 -0.003573 0.483324 5.11968e-05 0 -5.11968e-05 0.00133697 0 -0.00133697 
0.999803 -0.0135372 -0.0138324 0 -0.0132549 -0.999696 0.0202996 0 -0.0141033 -0.0201126 -0.999698 0 0.309325 -0.0035695 0.483314 1 0.00206885 -0.0024444 -0.000304061 0.000433703 0.000444082 -2.78052e-05 -0.00150834 3.8415e-05 -0.00720169 -0.000121755 -0.000606415 1.38846e-05 0.309329 -0.003573 0.483324 5.25424e-05 0 -5.25424e-05 0.00135415 0 -0.00135415 
0.999803 -0.0135527 -0.0138382 0 -0.0132703 -0.999696 0.0202967 0 -0.0141094 -0.0201095 -0.999698 0 0.309324 -0.00357364 0.483312 1 -0.0019857 0.00221103 7.06186e-05 -0.000416085 -0.00042578 3.78617e-05 0.000406245 -1.03515e-05 0.00193968 3.27938e-05 0.000163326 -3.73927e-06 0.309329 -0.003573 0.483324 5.39051e-05 0 -5.39051e-05 0.00137132 0 -0.00137132 
0.999803 -0.0135365 -0.0138383 0 -0.0132541 -0.999697 0.0202964 0 -0.0141091 -0.0201094 -0.999698 0 0.309323 -0.00357309 0.483312 1 -0.00146759 0.000908485 0.000250402 -0.000162024 -0.000357471 -8.25729e-06 0.000771323 -1.96526e-05 0.00368278 6.22636e-05 0.000310102 -7.09955e-06 0.309329 -0.003573 0.483324 5.5285e-05 0 -5.5285e-05 0.00138848 0 -0.00138848 
0.999803 -0.0135481 -0.013837 0 -0.0132657 -0.999696 0.0202998 0 -0.0141081 -0.0201126 -0.999698 0 0.309324 -0.00357176 0.483312 1 0.00215928 -0.000356955 -1.76071e-05 6.33215e-05 0.000451929 1.66391e-06 -0.000889016 2.26468e-05 -0.00424472 -7.1765e-05 -0.00035742 8.18394e-06 0.309329 -0.003573 0.483324 5.66821e-05 0 -5.66821e-05 0.00140562 0 -0.00140562 
0.999803 -0.0135419 -0.0138374 0 -0.0132596 -0.999696 0.0202985 0 -0.0141083 -0.0201114 -0.999698 0 0.309325 -0.00357118 0.483311 1 -0.00246352 7.44437e-05 0.000774345 -1.33316e-05 -0.000501486 2.99113e-06 0.0013381 -3.4085e-05 0.00638903 0.000108016 0.000537972 -1.23174e-05 0.309329 -0.003573 0.483324 5.80963e-05 0 -5.80963e-05 0.00142276 0 -0.00142276 
0.999803 -0.0135389 -0.0138317 0 -0.0132566 -0.999696 0.020297 0 -0.0141026 -0.02011 -0.999698 0 0.309325 -0.00357225 0.483313 1 0.00611461 0.000278866 0.000383925 -1.13981e-05 0.00132908 -3.11058e-05 -0.00149385 3.80638e-05 -0.0071325 -0.000120589 -0.00060059 1.37497e-05 0.309329 -0.003573 0.483324 5.95276e-05 0 -5.95276e-05 0.00143989 0 -0.00143989 
0.999803 -0.0135434 -0.0138389 0 -0.0132611 -0.999696 0.0202932 0 -0.0141098 -0.020106 -0.999698 0 0.309324 -0.00357179 0.483311 1 -0.00582909 0.00192438 -5.15593e-05 -0.000391631 -0.0012803 4.08527e-05 0.00146449 -3.73126e-05 0.00699249 0.000118214 0.000588785 -1.34778e-05 0.309329 -0.003573 0.483324 6.09761e-05 0 -6.09761e-05 0.00145701 0 -0.00145701 
0.999803 -0.0135423 -0.0138452 0 -0.0132598 -0.999696 0.0202973 0 -0.0141161 -0.0201101 -0.999698 0 0.309324 -0.00357301 0.483309 1 -0.0123409 -0.000142282 0.000360839 9.68644e-06 -0.00266059 3.80553e-05 0.00336292 -8.56794e-05 0.0160573 0.000271476 0.00135203 -3.09567e-05 0.309329 -0.003573 0.483324 6.24416e-05 0 -6.24416e-05 0.00147411 0 -0.00147411 
0.999803 -0.0135511 -0.0138376 0 -0.0132687 -0.999696 0.0203 0 -0.0141088 -0.0201127 -0.999698 0 0.309324 -0.00357306 0.483311 1 0.00188806 -0.00164595 0.000514748 0.000318228 0.000437013 -6.93409e-06 -0.000398322 1.01487e-05 -0.00190187 -3.21555e-05 -0.000160142 3.66688e-06 0.309329 -0.003573 0.483324 6.39243e-05 0 -6.39243e-05 0.00149121 0 -0.00149121 
0.999803 -0.0135413 -0.0138396 0 -0.0132589 -0.999696 0.0202954 0 -0.0141105 -0.0201083 -0.999698 0 0.309324 -0.00357153 0.483311 1 0.00208357 -8.27118e-06 -0.000436566 9.21424e-07 0.000415767 -1.78926e-05 -0.00147414 3.75598e-05 -0.00703859 -0.000118997 -0.000592665 1.35681e-05 0.309329 -0.003573 0.483324 6.5424e-05 0 -6.5424e-05 0.00150829 0 -0.00150829 
0.999803 -0.0135444 -0.0138405 0 -0.013262 -0.999696 0.020298 0 -0.0141115 -0.0201108 -0.999698 0 0.309325 -0.00357097 0.483311 1 -0.00259524 -0.00151122 -0.000182196 0.000269681 -0.000553973 8.34885e-06 -0.00019431 4.94995e-06 -0.00092778 -1.56855e-05 -7.81208e-05 1.78866e-06 0.30933 -0.003573 0.483324 6.69409e-05 0 -6.69409e-05 0.00152536 0 -0.00152536 
0.999803 -0.0135473 -0.0138372 0 -0.0132649 -0.999696 0.0202972 0 -0.0141083 -0.02011 -0.999698 0 0.309324 -0.00357266 0.483312 1 0.00452676 0.001537 0.000305217 -0.000272071 0.000948638 -6.23686e-06 -0.000726034 1.84988e-05 -0.00346655 -5.86083e-05 -0.000291895 6.68285e-06 0.30933 -0.003573 0.483324 6.84747e-05 0 -6.84747e-05 0.00154243 0 -0.00154243 
0.999803 -0.0135504 -0.0138453 0 -0.0132679 -0.999696 0.0202938 0 -0.0141163 -0.0201065 -0.999698 0 0.309323 -0.00357424 0.48331 1 -0.00162824 0.00308494 3.43618e-06 -0.000577086 -0.000376342 2.53161e-05 0.000412302 -1.05074e-05 0.00196864 3.32829e-05 0.000165761 -3.79473e-06 0.30933 -0.003573 0.483324 7.00257e-05 0 -7.00257e-05 0.00155948 0 -0.00155948 
0.999803 -0.0135419 -0.0138446 0 -0.0132594 -0.999696 0.0202966 0 -0.0141155 -0.0201094 -0.999698 0 0.309321 -0.00357219 0.48331 1 0.00296126 -0.00119271 0.000523501 0.000217579 0.000594759 -2.46159e-05 2.52042e-05 -6.4209e-07 0.000120341 2.03454e-06 1.0133e-05 -2.32e-07 0.30933 -0.003573 0.483323 7.15937e-05 0 -7.15937e-05 0.00157652 0 -0.00157652 
0.999803 -0.0135478 -0.0138422 0 -0.0132654 -0.999696 0.020297 0 -0.0141132 -0.0201098 -0.999698 0 0.309323 -0.00357158 0.483311 1 0.000344677 0.000195366 -0.000457601 -5.42155e-05 6.20458e-05 1.0014e-05 -0.00113457 2.89032e-05 -0.00541723 -9.15859e-05 -0.000456141 1.04436e-05 0.30933 -0.003573 0.483323 7.31787e-05 0 -7.31787e-05 0.00159355 0 -0.00159355 
0.999803 -0.0135361 -0.013842 0 -0.0132536 -0.999696 0.0203002 0 -0.0141128 -0.0201131 -0.999698 0 0.309322 -0.00357036 0.48331 1 0.00368749 -0.0023795 0.000945776 0.00045417 0.000788338 -3.93932e-05 0.000116006 -2.95455e-06 0.000553893 9.36443e-06 4.66389e-05 -1.06797e-06 0.30933 -0.003573 0.483323 7.47808e-05 0 -7.47808e-05 0.00161057 0 -0.00161057 
0.999803 -0.0135438 -0.0138427 0 -0.0132612 -0.999696 0.0203011 0 -0.0141137 -0.020114 -0.999698 0 0.309324 -0.00357039 0.483309 1 -0.00424205 -0.00135155 0.000825835 0.000244641 -0.00086724 1.98592e-05 0.00165017 -4.20302e-05 0.00787921 0.000133213 0.000663438 -1.51926e-05 0.30933 -0.003573 0.483323 7.63999e-05 0 -7.63999e-05 0.00162758 0 -0.00162758 
0.999803 -0.0135495 -0.0138493 0 -0.0132669 -0.999696 0.0202982 0 -0.0141204 -0.0201109 -0.999698 0 0.309323 -0.00357448 0.483309 1 -0.00974539 0.00212476 -0.000939159 -0.000413807 -0.00214281 5.66337e-05 0.000906248 -2.30924e-05 0.00432717 7.31602e-05 0.000364345 -8.34283e-06 0.30933 -0.003573 0.483323 7.8036e-05 0 -7.8036e-05 0.00164458 0 -0.00164458 
0.999803 -0.0135497 -0.0138497 0 -0.0132671 -0.999696 0.0202942 0 -0.0141208 -0.0201069 -0.999698 0 0.309323 -0.00357446 0.483306 1 -0.00668335 0.00403598 0.000883881 -0.000747811 -0.00141536 5.24173e-05 0.00282722 -7.2054e-05 0.0134998 0.000228237 0.00113666 -2.60228e-05 0.30933 -0.003573 0.483323 7.96891e-05 0 -7.96891e-05 0.00166157 0 -0.00166157 
0.999803 -0.0135414 -0.0138442 0 -0.0132589 -0.999696 0.0203003 0 -0.0141152 -0.0201131 -0.999698 0 0.309323 -0.0035714 0.483309 1 0.00442087 -0.00243798 1.34693e-05 0.000459761 0.00094463 -4.21942e-05 -0.00171649 4.3723e-05 -0.00819585 -0.000138566 -0.000690098 1.58027e-05 0.30933 -0.003573 0.483323 8.13591e-05 0 -8.13591e-05 0.00167855 0 -0.00167855 
0.999803 -0.013552 -0.0138549 0 -0.0132693 -0.999696 0.0202931 0 -0.0141259 -0.0201056 -0.999698 0 0.309321 -0.00357278 0.483306 1 -0.00552894 0.000908621 0.000303944 -0.000190834 -0.00121997 3.60217e-05 0.00180204 -4.592e-05 0.00860449 0.000145469 0.000724481 -1.65862e-05 0.30933 -0.003573 0.483323 8.30462e-05 0 -8.30462e-05 0.00169552 0 -0.00169552 
0.999803 -0.0135455 -0.0138441 0 -0.013263 -0.999696 0.0202999 0 -0.0141152 -0.0201127 -0.999698 0 0.309323 -0.00357157 0.483309 1 0.00664554 -0.00230971 0.000310156 0.000451632 0.00145479 -4.36886e-05 -0.00205672 5.2391e-05 -0.00982037 -0.000166031 -0.000826884 1.89347e-05 0.30933 -0.003573 0.483323 8.47502e-05 0 -8.47502e-05 0.00171248 0 -0.00171248 
0.999803 -0.0135413 -0.0138426 0 -0.0132588 -0.999696 0.0202994 0 -0.0141135 -0.0201123 -0.999698 0 0.309322 -0.00357302 0.483311 1 0.0126156 -0.00113772 0.000289106 0.00025619 0.00269849 -6.6622e-05 -0.00322535 8.21714e-05 -0.0153999 -0.000260367 -0.00129671 2.96921e-05 0.30933 -0.003573 0.483323 8.64711e-05 0 -8.64711e-05 0.00172942 0 -0.00172942 
0.999803 -0.0135517 -0.0138454 0 -0.0132691 -0.999696 0.0202973 0 -0.0141165 -0.02011 -0.999698 0 0.309322 -0.00357369 0.48331 1 -0.00147302 0.000773986 7.3129e-06 -0.000157232 -0.000350016 2.18346e-05 0.00033928 -8.64532e-06 0.00161996 2.73888e-05 0.000136403 -3.12314e-06 0.309331 -0.003573 0.483323 8.8209e-05 0 -8.8209e-05 0.00174636 0 -0.00174636 
0.999803 -0.0135446 -0.0138493 0 -0.013262 -0.999696 0.020296 0 -0.0141203 -0.0201087 -0.999698 0 0.309323 -0.00357503 0.483308 1 -0.00755594 0.00337754 4.86984e-05 -0.000623717 -0.00162896 4.06188e-05 0.00175331 -4.4683e-05 0.00837183 0.000141543 0.000704899 -1.61393e-05 0.309331 -0.003573 0.483323 8.99638e-05 0 -8.99638e-05 0.00176329 0 -0.00176329 
0.999803 -0.0135456 -0.0138402 0 -0.0132632 -0.999696 0.0202951 0 -0.0141111 -0.0201079 -0.999698 0 0.309323 -0.00357235 0.48331 1 0.00918971 6.70659e-05 0.000182605 -6.39899e-06 0.00197534 -2.93089e-05 -0.0023953 6.10251e-05 -0.0114368 -0.000193353 -0.000963008 2.20462e-05 0.309331 -0.003573 0.483322 9.17356e-05 0 -9.17356e-05 0.0017802 0 -0.0017802 
0.999803 -0.01355 -0.0138452 0 -0.0132676 -0.999696 0.0202935 0 -0.0141162 -0.0201062 -0.999698 0 0.309322 -0.00357387 0.48331 1 0.00181044 0.000408959 0.000430802 -6.12871e-05 0.000385071 -3.1853e-07 -0.000104946 2.67458e-06 -0.000501087 -8.47167e-06 -4.21922e-05 9.65883e-07 0.309331 -0.003573 0.483322 9.35242e-05 0 -9.35242e-05 0.0017971 0 -0.0017971 
0.999803 -0.0135476 -0.0138419 0 -0.0132651 -0.999696 0.0202988 0 -0.014113 -0.0201116 -0.999698 0 0.309324 -0.0035707 0.483311 1 0.00312499 -0.00244288 -0.000407672 0.000439715 0.000673052 -2.05171e-05 -0.0020294 5.16923e-05 -0.00968977 -0.00016382 -0.000815897 1.86817e-05 0.309331 -0.003573 0.483322 9.53298e-05 0 -9.53298e-05 0.001814 0 -0.001814 
0.999803 -0.0135382 -0.0138451 0 -0.0132556 -0.999696 0.0202981 0 -0.014116 -0.0201109 -0.999698 0 0.309323 -0.00357196 0.483308 1 -0.00151865 -0.000106731 0.000810861 3.34239e-05 -0.000309274 -1.14802e-05 0.00114929 -2.92782e-05 0.00548764 9.27775e-05 0.000462061 -1.05799e-05 0.309331 -0.003573 0.483322 9.71522e-05 0 -9.71522e-05 0.00183088 0 -0.00183088 
0.999803 -0.0135383 -0.0138437 0 -0.0132558 -0.999696 0.0203002 0 -0.0141146 -0.0201131 -0.999698 0 0.309322 -0.00357205 0.48331 1 0.00631253 -0.00110226 0.000231932 0.000232182 0.00134841 -4.64001e-05 -0.00171579 4.37086e-05 -0.00819237 -0.000138509 -0.000689811 1.57961e-05 0.309331 -0.003573 0.483322 9.89915e-05 0 -9.89915e-05 0.00184775 0 -0.00184775 
0.999803 -0.0135513 -0.0138413 0 -0.0132689 -0.999696 0.0202953 0 -0.0141124 -0.020108 -0.999698 0 0.309323 -0.00357374 0.48331 1 0.00443133 0.00173357 -1.8702e-05 -0.000322103 0.000936506 7.00531e-06 -0.00126872 3.23288e-05 -0.00605777 -0.000102416 -0.000510076 1.16775e-05 0.309331 -0.003573 0.483322 0.000100848 0 -0.000100848 0.00186462 0 -0.00186462 
0.999803 -0.0135467 -0.0138361 0 -0.0132643 -0.999696 0.0202984 0 -0.0141072 -0.0201113 -0.999698 0 0.309324 -0.00357389 0.483312 1 0.00853504 -0.000770339 0.000208475 0.00018011 0.00185534 -4.19972e-05 -0.00250633 6.3865e-05 -0.0119668 -0.000202326 -0.00100765 2.30709e-05 0.309331 -0.003573 0.483322 0.000102721 0 -0.000102721 0.00188147 0 -0.00188147 
0.999803 -0.013545 -0.0138464 0 -0.0132625 -0.999696 0.0202984 0 -0.0141174 -0.0201111 -0.999698 0 0.309324 -0.00357094 0.48331 1 -0.0052719 -0.00237611 -0.000305858 0.000418578 -0.00113153 5.58027e-06 0.000274118 -6.98308e-06 0.00130886 2.21284e-05 0.000110206 -2.52346e-06 0.309331 -0.003573 0.483322 0.000104611 0 -0.000104611 0.00189831 0 -0.00189831 
0.999803 -0.013552 -0.0138413 0 -0.0132695 -0.999696 0.0202965 0 -0.0141124 -0.0201092 -0.999698 0 0.309323 -0.00357194 0.48331 1 0.0028619 0.00146564 0.000165764 -0.000277719 0.000590808 1.04405e-05 -0.000463407 1.18064e-05 -0.00221263 -3.74078e-05 -0.000186308 4.26547e-06 0.309331 -0.003573 0.483322 0.000106517 0 -0.000106517 0.00191514 0 -0.00191514 
